
---------------------------------------------- First Exam -----------------------------------------------------------

mean_absolute_error : 0.035525234393637445 , 0.18220476042888084 , 0.1075005437164106 , 0.16987827791329063 , 0.2277475205505933 , 0.2630864461675514
mean_squared_error : 0.0022806343862918576 , 0.07525981115364874 , 0.029412343795231007 , 0.04439532545798379 , 0.14478872614767202 , 0.1556691440042667

---------------------------------------------- Second Exam -----------------------------------------------------------

mean_absolute_error : 0.039535917179984344 , 0.1577142925644664  , 0.15270364899687666 , 0.21216447516940254 , 0.2547808729604741 , 0.18559348299152587
mean_squared_error :  0.002604598897993422 , 0.04623421675024599 , 0.06122843251284604 , 0.21216447516940254 , 0.11196270169408443 , 0.18559348299152587
